1309933734475046
1309913004477119
1309912151143871
1309911247810628
1309910501144036
1309909224477497
1309831021151984
1309827244485695
1309823311152755
1309818224486597
1309814074487012
1309808884487531
1309802107821542
1309801814488238
1309801447821608
1309755517826201
1309751571159929
1309749874493432
1309742851160801
1309737041161382
1309731977828555
1309731594495260
1309730341162052
1309723801162706
1309722821162804
1310080947793658
1310076187794134
1310075581127528
1310074784460941
1310074304460989
1310048914463528
1310048207796932
1310028027798950
1310024191132667
1310023624466057
1310022734466146
1309997611135325
1309982314470188
1309960237805729
1309959394472480
1309958531139233
1310141961120890
1310136841121402
1310131607788592
1310124321122654
1310123541122732
1310122481122838
1310118951123191
1310100507791702
1310100274458392
1310084774459942
